
m1=1
m2=1
k=1
l1=5
l2=5
g=9.81
A1=(m1*g+k*l1)/l1/m1
A2=k*l2/l1/m1
A3=(m2*g+k*l2)/l2/m2
A4=k*l1/l2/m2
teta1=0.5
v1=0
teta2=0.5
v2=-0